 col1 [1] col2 [1] col3 [1] col4 [1] col5 [1] col6 [1] col7 [1] col8 [1]  col9 [1] col10 [1] col11 [1] col12 [1] col13 [1] col14 [1] col15 [1]
--------- -------- -------- -------- -------- -------- -------- -------- --------- --------- --------- --------- --------- --------- ---------
  STF3062      603       37    353.0      1.3      1.5     6.42     7.32       G3V       271        30      57.0      2865    615.81  582612.5
  STF   2      217      343     17.0      0.8      0.8     6.68     6.89      A4IV       106       -33      78.0         1    920.18  794252.4
  STT   2      155       42    161.0      0.6      0.4     6.77     7.67       F8V       -12       -33      26.0        13   1323.93  265915.4
  STT  20      311       60    175.0      0.6      0.6     6.12     7.19       B9V        15       -12      18.0       122   5435.22  191118.4
  STF  73      713      305    327.0      0.9      1.1     6.12     6.54      K1IV       136       -30      22.0       146   5458.02  233742.4
  STT  21      126      225    174.0      1.0      1.2     6.76     8.07      A9IV        81       -12      46.0       243  10301.54  472234.1
  STF 113      339      331     21.0      1.3      1.6     6.45     6.99 A2V G4III        14       -16      -1.0       171  11948.29   -3032.4
  STF 186      435      240    248.0      1.4      0.8     6.79     6.84       F9V       164       189       1.0       347   15553.8   15059.6
  STF 185       58       32      9.0      1.5      1.1     6.77     8.58        A0        23       -13      74.0        91  20209.27  753007.9
  STF 228      335      264    297.0      1.1      0.8     6.56     7.21  F2V  F7V       -77       -53      46.0       536  21402.43  472903.3
  STF 314      118      291    314.0      1.3      1.6     6.95     7.26        --        -2       -15      52.0       640  25252.03  525950.6
  STF 346      154      265    254.0      0.7      0.4     6.21     6.19       B7V         3       -12      24.0       431  30526.69  251518.7
  HU  544       26       98    102.0      0.6      1.6     6.72      8.2        A0        33       -35      50.0       725   31548.7  505721.2
BU   63AB       83      340    350.0      0.7      0.9      6.2     8.02  A1eShell        14        -3      10.0      4303 203017.95  105345.3
BU  151AB      723      355     74.0      0.7      0.2     4.11     5.02  F5IV F2V       106       -34      14.0      4369 203732.87  143542.7
STT 413AB      402      117      5.0      0.7      0.9     4.73     6.26      B5Ve        15        -8        --        -- 204724.53  362926.7
STF2741AB      144       44     25.0      1.2      2.0     5.94     6.79      B5Vn         5         3      49.0      3426 205830.03  502742.4
  STF2751      157      343    357.0      1.5      1.6     6.23     6.89     B8III         5         4      56.0      2524  210209.0  564011.1
STF2744AB      369      192    110.0      1.5      1.3     6.76     7.33      F7IV      -107       -53       0.0      4648 210303.09   13155.9
STF2780AB      114      225    213.0      1.0      1.0     6.09     6.77      B0II        -5        -3        --        -- 211148.24  595911.8
STF2878AB      176      134    116.0      1.4      1.5     6.94     8.11      B9IV         4       -15       7.0      4829 221429.18   75834.2
  STF2912      353      115    117.0      1.2      0.1      5.7     7.59   F2V+F2V       -31      -146       3.0      4713 222957.93   42554.1
HO  296AB      332       45     60.0      0.6      0.5     6.14     7.22       G4V       274       137      13.0      4971 224052.52  143255.9
BU  382AB      168      225    237.0      1.0      0.8     5.97     7.79  A3m  F6V        -3       -17      43.0      4331 225340.16  444457.1
  STT 483      324      179    359.0      0.9      0.5     6.11     7.27     A8III        32       -41      10.0      4859 225911.82  114343.8
